0 0 25 4
0 0 359 2
0 0 988 1
0 0 777 1
0 0 251 0
0 0 344 0
0 0 77 1
0 0 632 1
0 0 975 0
0 0 523 2
1 0 337 4
1 0 809 0
1 0 705 2
1 0 115 1
1 0 307 0 
1 0 215 0
1 0 21 0
1 0 556 0
1 0 82 0
1 0 282 0
2 0 606 0
2 0 816 1
2 0 496 2
2 0 469 2
2 0 195 0
2 0 934 1
2 0 707 2
2 0 359 0
2 0 222 3
2 0 779 2
3 0 777 0
3 0 875 0 
3 0 834 0
3 0 526 0
3 0 486 0
3 0 267 0
3 0 172 0 
3 0 487 0
3 0 639 0
3 0 491 0
4 0 975 4 
5 0 82 2 
5 0 442 0 
5 0 778 1 
5 0 516 1
5 0 529 2
5 0 886 0
5 0 496 0
6 0 273 4
6 0 876 2
6 0 182 4
6 0 913 1
6 0 949 3
6 0 816 2
6 0 692 1
6 0 875 1
6 0 694 2  
6 0 214 2
7 0 249 4
7 0 32 4 
7 0 841 2
7 0 265 1
7 0 87 0
7 0 998 1 
7 0 91 0
7 0 85 2
7 0 203 1
7 0 407 1
8 0 457 4
8 0 890 4
8 0 434 1
8 0 705 0
8 0 969 0
8 0 71 4
8 0 406 0
8 0 526 0
8 0 898 0
9 0 889 0
9 0 68 4
9 0 348 0
9 0 977 1
9 0 592 0
9 0 621 0
9 0 879 0
9 0 616 0
9 0 156 0
9 0 102 0