0 0 25 4
0 0 251 0
0 0 988 1
0 0 359 2
0 0 632 1
0 0 777 1
0 0 523 2
0 0 839 2
0 0 671 2
0 0 543 4
1 0 247 1
1 0 556 0
1 0 337 4
1 0 130 1
1 0 705 2
1 0 726 1
1 0 115 1
1 0 932 0
1 0 282 0
1 0 809 0
2 0 779 2
2 0 653 0
2 0 469 2
2 0 707 2
2 0 606 0
2 0 251 0
2 0 798 0
2 0 359 0
2 0 140 0
2 0 816 1
3 0 652 3
3 0 834 0
3 0 777 0
3 0 267 0
3 0 526 0
3 0 172 0
3 0 185 0
3 0 487 0
3 0 523 3
3 0 639 0
4 0 975 4
5 0 82 2
5 0 442 0
5 0 529 2
5 0 778 1
5 0 516 1
5 0 886 0
5 0 496 0
6 0 876 2
6 0 273 4
6 0 949 3
6 0 182 4
6 0 214 2
6 0 425 1
6 0 692 1
6 0 691 1
6 0 913 1
6 0 770 3
7 0 83 2
7 0 265 1
7 0 752 1
7 0 65 0
7 0 935 0
7 0 203 1
7 0 673 0
7 0 187 0
7 0 643 0
7 0 657 0
8 0 898 0
8 0 465 0
8 0 150 0
8 0 340 0
8 0 397 0
8 0 408 0
8 0 132 0
8 0 736 2
8 0 478 0
9 0 68 4
9 0 621 0
9 0 889 0
9 0 348 0
9 0 879 0
9 0 977 1
9 0 592 0
9 0 156 0
9 0 616 0
9 0 102 0